Traceback (most recent call last):
  File "train.py", line 75, in <module>
    dataset = create_dataset(opt)  # create a dataset given opt.dataset_mode and other options
  File "/mufcut/data/__init__.py", line 57, in create_dataset
    data_loader = CustomDatasetDataLoader(opt)
  File "/mufcut/data/__init__.py", line 73, in __init__
    self.dataset = dataset_class(opt)
  File "/mufcut/data/singleimage_dataset.py", line 35, in __init__
    self.A_size = len(self.A_paths)  # get the size of dataset A
AttributeError: 'SingleImageDataset' object has no attribute 'A_paths'
I have no name!@emberspirit:/mufcut$ 





(801, 2)
[[0.70252826 0.62272167]
 [0.70252826 0.62272167]
 [0.70252826 0.62272167]
 [0.70252826 0.62272167]
 [0.70252826 0.62272167]
 [0.70252826 0.62272167]
 [0.70252826 0.62272167]
 [0.70252826 0.62272167]
 [0.70252826 0.62272167]
 [0.70252826 0.62272167]
 [0.70252826 0.62272167]
 [0.70252826 0.62272167]
 [0.70252826 0.62272167]
 [0.70252826 0.62272167]
 [0.70252826 0.62272167]
 [0.70252826 0.62272167]
 [0.42282277 0.9151902 ]
 [0.42282277 0.9151902 ]
 [0.42282277 0.9151902 ]
 [0.42282277 0.9151902 ]
 [0.42282277 0.9151902 ]
 [0.42282277 0.9151902 ]
 [0.42282277 0.9151902 ]
 [0.42282277 0.9151902 ]
 [0.42282277 0.9151902 ]
 [0.42282277 0.9151902 ]
 [0.42282277 0.9151902 ]
 [0.42282277 0.9151902 ]
 [0.42282277 0.9151902 ]
 [0.42282277 0.9151902 ]
 [0.42282277 0.9151902 ]
 [0.42282277 0.9151902 ]
 [0.67446199 0.78953445]
 [0.67446199 0.78953445]
 [0.67446199 0.78953445]
 [0.67446199 0.78953445]
 [0.67446199 0.78953445]
 [0.67446199 0.78953445]
 [0.67446199 0.78953445]
 [0.67446199 0.78953445]
 [0.67446199 0.78953445]
 [0.67446199 0.78953445]
 [0.67446199 0.78953445]
 [0.67446199 0.78953445]
 [0.67446199 0.78953445]
 [0.67446199 0.78953445]
 [0.67446199 0.78953445]
 [0.67446199 0.78953445]
 [0.50525355 0.53805267]
 [0.50525355 0.53805267]
 [0.50525355 0.53805267]
 [0.50525355 0.53805267]
 [0.50525355 0.53805267]
 [0.50525355 0.53805267]
 [0.50525355 0.53805267]
 [0.50525355 0.53805267]
 [0.50525355 0.53805267]
 [0.50525355 0.53805267]
 [0.50525355 0.53805267]
 [0.50525355 0.53805267]
 [0.50525355 0.53805267]
 [0.50525355 0.53805267]
 [0.50525355 0.53805267]
 [0.50525355 0.53805267]
 [0.99561943 0.75845034]
 [0.99561943 0.75845034]
 [0.99561943 0.75845034]
 [0.99561943 0.75845034]
 [0.99561943 0.75845034]
 [0.99561943 0.75845034]
 [0.99561943 0.75845034]
 [0.99561943 0.75845034]
 [0.99561943 0.75845034]
 [0.99561943 0.75845034]
 [0.99561943 0.75845034]
 [0.99561943 0.75845034]
 [0.99561943 0.75845034]
 [0.99561943 0.75845034]
 [0.99561943 0.75845034]
 [0.99561943 0.75845034]]
(881, 2)
[[0.99738279 0.9850067 ]
 [0.99738279 0.9850067 ]
 [0.99738279 0.9850067 ]
 [0.99738279 0.9850067 ]
 [0.99738279 0.9850067 ]
 [0.99738279 0.9850067 ]
 [0.99738279 0.9850067 ]
 [0.99738279 0.9850067 ]
 [0.99738279 0.9850067 ]
 [0.99738279 0.9850067 ]
 [0.99738279 0.9850067 ]
 [0.99738279 0.9850067 ]
 [0.99738279 0.9850067 ]
 [0.99738279 0.9850067 ]
 [0.99738279 0.9850067 ]
 [0.99738279 0.9850067 ]
 [0.80617747 0.75657997]
 [0.80617747 0.75657997]
 [0.80617747 0.75657997]
 [0.80617747 0.75657997]
 [0.80617747 0.75657997]
 [0.80617747 0.75657997]
 [0.80617747 0.75657997]
 [0.80617747 0.75657997]
 [0.80617747 0.75657997]
 [0.80617747 0.75657997]
 [0.80617747 0.75657997]
 [0.80617747 0.75657997]
 [0.80617747 0.75657997]
 [0.80617747 0.75657997]
 [0.80617747 0.75657997]
 [0.80617747 0.75657997]
 [0.67707027 0.98786017]
 [0.67707027 0.98786017]
 [0.67707027 0.98786017]
 [0.67707027 0.98786017]
 [0.67707027 0.98786017]
 [0.67707027 0.98786017]
 [0.67707027 0.98786017]
 [0.67707027 0.98786017]
 [0.67707027 0.98786017]
 [0.67707027 0.98786017]
 [0.67707027 0.98786017]
 [0.67707027 0.98786017]
 [0.67707027 0.98786017]
 [0.67707027 0.98786017]
 [0.67707027 0.98786017]
 [0.67707027 0.98786017]
 [0.90901286 0.87725562]
 [0.90901286 0.87725562]
 [0.90901286 0.87725562]
 [0.90901286 0.87725562]
 [0.90901286 0.87725562]
 [0.90901286 0.87725562]
 [0.90901286 0.87725562]
 [0.90901286 0.87725562]
 [0.90901286 0.87725562]
 [0.90901286 0.87725562]
 [0.90901286 0.87725562]
 [0.90901286 0.87725562]
 [0.90901286 0.87725562]
 [0.90901286 0.87725562]
 [0.90901286 0.87725562]
 [0.90901286 0.87725562]
 [0.86235041 0.4773914 ]
 [0.86235041 0.4773914 ]
 [0.86235041 0.4773914 ]
 [0.86235041 0.4773914 ]
 [0.86235041 0.4773914 ]
 [0.86235041 0.4773914 ]
 [0.86235041 0.4773914 ]
 [0.86235041 0.4773914 ]
 [0.86235041 0.4773914 ]
 [0.86235041 0.4773914 ]
 [0.86235041 0.4773914 ]
 [0.86235041 0.4773914 ]
 [0.86235041 0.4773914 ]
 [0.86235041 0.4773914 ]
 [0.86235041 0.4773914 ]
 [0.86235041 0.4773914 ]]
(961, 2)
[[0.78489155 0.7022507 ]
 [0.78489155 0.7022507 ]
 [0.78489155 0.7022507 ]
 [0.78489155 0.7022507 ]
 [0.78489155 0.7022507 ]
 [0.78489155 0.7022507 ]
 [0.78489155 0.7022507 ]
 [0.78489155 0.7022507 ]
 [0.78489155 0.7022507 ]
 [0.78489155 0.7022507 ]
 [0.78489155 0.7022507 ]
 [0.78489155 0.7022507 ]
 [0.78489155 0.7022507 ]
 [0.78489155 0.7022507 ]
 [0.78489155 0.7022507 ]
 [0.78489155 0.7022507 ]
 [0.41191497 0.47055969]
 [0.41191497 0.47055969]
 [0.41191497 0.47055969]
 [0.41191497 0.47055969]
 [0.41191497 0.47055969]
 [0.41191497 0.47055969]
 [0.41191497 0.47055969]
 [0.41191497 0.47055969]
 [0.41191497 0.47055969]
 [0.41191497 0.47055969]
 [0.41191497 0.47055969]
 [0.41191497 0.47055969]
 [0.41191497 0.47055969]
 [0.41191497 0.47055969]
 [0.41191497 0.47055969]
 [0.41191497 0.47055969]
 [0.44071566 0.58544829]
 [0.44071566 0.58544829]
 [0.44071566 0.58544829]
 [0.44071566 0.58544829]
 [0.44071566 0.58544829]
 [0.44071566 0.58544829]
 [0.44071566 0.58544829]
 [0.44071566 0.58544829]
 [0.44071566 0.58544829]
 [0.44071566 0.58544829]
 [0.44071566 0.58544829]
 [0.44071566 0.58544829]
 [0.44071566 0.58544829]
 [0.44071566 0.58544829]
 [0.44071566 0.58544829]
 [0.44071566 0.58544829]
 [0.96654445 0.64560506]
 [0.96654445 0.64560506]
 [0.96654445 0.64560506]
 [0.96654445 0.64560506]
 [0.96654445 0.64560506]
 [0.96654445 0.64560506]
 [0.96654445 0.64560506]
 [0.96654445 0.64560506]
 [0.96654445 0.64560506]
 [0.96654445 0.64560506]
 [0.96654445 0.64560506]
 [0.96654445 0.64560506]
 [0.96654445 0.64560506]
 [0.96654445 0.64560506]
 [0.96654445 0.64560506]
 [0.96654445 0.64560506]
 [0.78618732 0.35888158]
 [0.78618732 0.35888158]
 [0.78618732 0.35888158]
 [0.78618732 0.35888158]
 [0.78618732 0.35888158]
 [0.78618732 0.35888158]
 [0.78618732 0.35888158]
 [0.78618732 0.35888158]
 [0.78618732 0.35888158]
 [0.78618732 0.35888158]
 [0.78618732 0.35888158]
 [0.78618732 0.35888158]
 [0.78618732 0.35888158]
 [0.78618732 0.35888158]
 [0.78618732 0.35888158]
 [0.78618732 0.35888158]]
(1041, 2)
[[0.74232741 0.95759028]
 [0.74232741 0.95759028]
 [0.74232741 0.95759028]
 [0.74232741 0.95759028]
 [0.74232741 0.95759028]
 [0.74232741 0.95759028]
 [0.74232741 0.95759028]
 [0.74232741 0.95759028]
 [0.74232741 0.95759028]
 [0.74232741 0.95759028]
 [0.74232741 0.95759028]
 [0.74232741 0.95759028]
 [0.74232741 0.95759028]
 [0.74232741 0.95759028]
 [0.74232741 0.95759028]
 [0.74232741 0.95759028]
 [0.41059794 0.43697628]
 [0.41059794 0.43697628]
 [0.41059794 0.43697628]
 [0.41059794 0.43697628]
 [0.41059794 0.43697628]
 [0.41059794 0.43697628]
 [0.41059794 0.43697628]
 [0.41059794 0.43697628]
 [0.41059794 0.43697628]
 [0.41059794 0.43697628]
 [0.41059794 0.43697628]
 [0.41059794 0.43697628]
 [0.41059794 0.43697628]
 [0.41059794 0.43697628]
 [0.41059794 0.43697628]
 [0.41059794 0.43697628]
 [0.69495104 0.91922899]
 [0.69495104 0.91922899]
 [0.69495104 0.91922899]
 [0.69495104 0.91922899]
 [0.69495104 0.91922899]
 [0.69495104 0.91922899]
 [0.69495104 0.91922899]
 [0.69495104 0.91922899]
 [0.69495104 0.91922899]
 [0.69495104 0.91922899]
 [0.69495104 0.91922899]
 [0.69495104 0.91922899]
 [0.69495104 0.91922899]
 [0.69495104 0.91922899]
 [0.69495104 0.91922899]
 [0.69495104 0.91922899]
 [0.60354436 0.72681925]
 [0.60354436 0.72681925]
 [0.60354436 0.72681925]
 [0.60354436 0.72681925]
 [0.60354436 0.72681925]
 [0.60354436 0.72681925]
 [0.60354436 0.72681925]
 [0.60354436 0.72681925]
 [0.60354436 0.72681925]
 [0.60354436 0.72681925]
 [0.60354436 0.72681925]
 [0.60354436 0.72681925]
 [0.60354436 0.72681925]
 [0.60354436 0.72681925]
 [0.60354436 0.72681925]
 [0.60354436 0.72681925]
 [0.54171483 0.5185482 ]
 [0.54171483 0.5185482 ]
 [0.54171483 0.5185482 ]
 [0.54171483 0.5185482 ]
 [0.54171483 0.5185482 ]
 [0.54171483 0.5185482 ]
 [0.54171483 0.5185482 ]
 [0.54171483 0.5185482 ]
 [0.54171483 0.5185482 ]
 [0.54171483 0.5185482 ]
 [0.54171483 0.5185482 ]
 [0.54171483 0.5185482 ]
 [0.54171483 0.5185482 ]
 [0.54171483 0.5185482 ]
 [0.54171483 0.5185482 ]
 [0.54171483 0.5185482 ]]
(1121, 2)
[[0.35881207 0.73978633]
 [0.35881207 0.73978633]
 [0.35881207 0.73978633]
 [0.35881207 0.73978633]
 [0.35881207 0.73978633]
 [0.35881207 0.73978633]
 [0.35881207 0.73978633]
 [0.35881207 0.73978633]
 [0.35881207 0.73978633]
 [0.35881207 0.73978633]
 [0.35881207 0.73978633]
 [0.35881207 0.73978633]
 [0.35881207 0.73978633]
 [0.35881207 0.73978633]
 [0.35881207 0.73978633]
 [0.35881207 0.73978633]
 [0.34609487 0.85671457]
 [0.34609487 0.85671457]
 [0.34609487 0.85671457]
 [0.34609487 0.85671457]
 [0.34609487 0.85671457]
 [0.34609487 0.85671457]
 [0.34609487 0.85671457]
 [0.34609487 0.85671457]
 [0.34609487 0.85671457]
 [0.34609487 0.85671457]
 [0.34609487 0.85671457]
 [0.34609487 0.85671457]
 [0.34609487 0.85671457]
 [0.34609487 0.85671457]
 [0.34609487 0.85671457]
 [0.34609487 0.85671457]
 [0.50469286 0.90081469]
 [0.50469286 0.90081469]
 [0.50469286 0.90081469]
 [0.50469286 0.90081469]
 [0.50469286 0.90081469]
 [0.50469286 0.90081469]
 [0.50469286 0.90081469]
 [0.50469286 0.90081469]
 [0.50469286 0.90081469]
 [0.50469286 0.90081469]
 [0.50469286 0.90081469]
 [0.50469286 0.90081469]
 [0.50469286 0.90081469]
 [0.50469286 0.90081469]
 [0.50469286 0.90081469]
 [0.50469286 0.90081469]
 [0.77421772 0.81308177]
 [0.77421772 0.81308177]
 [0.77421772 0.81308177]
 [0.77421772 0.81308177]
 [0.77421772 0.81308177]
 [0.77421772 0.81308177]
 [0.77421772 0.81308177]
 [0.77421772 0.81308177]
 [0.77421772 0.81308177]
 [0.77421772 0.81308177]
 [0.77421772 0.81308177]
 [0.77421772 0.81308177]
 [0.77421772 0.81308177]
 [0.77421772 0.81308177]
 [0.77421772 0.81308177]
 [0.77421772 0.81308177]
 [0.76934847 0.92229198]
 [0.76934847 0.92229198]
 [0.76934847 0.92229198]
 [0.76934847 0.92229198]
 [0.76934847 0.92229198]
 [0.76934847 0.92229198]
 [0.76934847 0.92229198]
 [0.76934847 0.92229198]
 [0.76934847 0.92229198]
 [0.76934847 0.92229198]
 [0.76934847 0.92229198]
 [0.76934847 0.92229198]
 [0.76934847 0.92229198]
 [0.76934847 0.92229198]
 [0.76934847 0.92229198]
 [0.76934847 0.92229198]]
dataset [UnalignedDataset] was created
model [SinCUTModel] was created
The number of training images = 1000
961
28
854
3892148